SCMBranch=TOPSSMVC Development
SCMRepository=topss/TOPSSMVC/Code/ResultPricingFrontend/bin/Debug
SCMMainlineUUID={895c2777-8882-4fa2-ad8a-2fac30df95e2}
SCMBranchRepositoryID=286769
MongoDB.Bson.dll;1278730479;1;1354898613;|376740|827854
MongoDB.Bson.pdb;4143097831;1;1354898613;|376741|827855
MongoDB.Bson.xml;1791032562;1;1354898614;|376742|827856
MongoDB.Driver.dll;2062951170;1;1354898614;|376743|827857
MongoDB.Driver.pdb;363889270;1;1354898614;|376744|827858
MongoDB.Driver.xml;2540548081;1;1354898614;|376745|827859
Newtonsoft.Json.dll;1198169729;1;1354244069;|376748|827862
Newtonsoft.Json.xml;3642262769;1;1354244069;|376749|827863
NLog.dll;3273768682;1;1354302934;|376746|827860
NLog.xml;2066627726;1;1354302934;|376747|827861
Oracle.DataAccess.dll;1939223005;1;1357146796;|376750|827864
protobuf-net.dll;1627350416;1;1357225239;|376768|827882
protobuf-net.pdb;2816480837;1;1357225239;|376769|827883
protobuf-net.xml;943174121;1;1357225239;|376770|827884
RazorEngine.dll;3380677926;1;1295719672;|376753|827867
